initial_guess : [-0.338482, 2.00354, -0.128828,     #[n10x, n10y, m10z]
                 2.07496, -1.29491, -0.248296,      #[n20x, n20y, m20z]
                 -1.73648, -0.708638, -0.0592134,   #[n30x, n30y, m30z]
                 -0.249776, -0.285377, -0.359053]   #[q1, q2, q3]
rod:
    E: 200e9
    G: 80e9
    radius: 0.001
    L: 1.0
    ds: 0.005
