launching:
  package_name: cpr_physics
  launch_files: [Stewart_Gough_6PFR_limbs, Stewart_Gough_6PFR_distal_plate]
number_of_limbs: 6
initial_guess: [-0.339583, -0.588175, -0.246552, 0.294489, -0.170023, -3.65005e-14, -0.339583, 0.588175, -0.246552, -0.294489, -0.170023, 3.65453e-14, 0.679166, 6.41755e-15, -0.246552, -3.21245e-15, 0.340046, 1.9766e-19, -0.339583, -0.588175, -0.246552, 0.294489, -0.170023, -3.49604e-14, -0.339583, 0.588175, -0.246552, -0.294489, -0.170023, 3.49616e-14, 0.679166, 6.28173e-15, -0.246552, -3.14444e-15, 0.340046, 1.9766e-19, 0.0333954, 0.0333954, 0.0333954, 0.0333954, 0.0333954, 0.0333954]
rod:
  E: 200e9
  G: 80e9
  radius: 0.001
  L: 1.0
  ds: 0.005
